247       :(I10) Total Number of Elements to Corrode
      39420.24308615
      40330.11134617
      41240.15370527
      42150.23045857
      43060.41779880
      43900.72900852
      44740.70360330
      29971.04558941
      45021.07719727
      30811.91534351
      45861.34554111
      31720.00000000
      46770.90950381
      32631.13729777
      47681.14708219
      33541.53502791
      48591.69454812
      34451.36029162
      49500.90315726
      35360.33192239
      50410.31452799
      36270.44590366
      51320.20105528
      37180.06097732
      52230.20950833
      38020.32672092
      53070.38867187
        120.40052723
      23990.43837362
       8940.40198944
      23150.29976261
       8100.22291537
      22240.23636059
       7190.21568150
      21330.20703943
       6280.21642445
      20420.15462452
       5370.15295213
      19510.19274258
       4460.17584626
      18600.19566213
       3550.17708065
      17690.18506439
       264-0.0252495
      16780.07040688
       1730.24675495
      15940.32823035
        890.48176653
      15660.56837442
      14820.67028098
      13980.76598032
      13070.78428197
      12160.35585579
      11250.24308615
      10340.11134617
      30010.21764657
      45060.34781836
      30850.46921548
      45900.46072661
      31760.28217020
      46810.26133657
      32670.22581367
      47720.28774926
      33580.27655181
      48630.71388523
      34490.59893309
      49540.39291269
      35400.24442952
      50450.21401996
      36310.22858149
      51360.26483194
      37220.20938409
      52270.16308623
      38060.21377354
      53110.28483478
        160.30584477
      24030.29153857
       8980.25892345
      23190.28080059
       8140.29476793
      22280.31270578
       7230.21377146
      21370.22764460
       6320.22673568
      20460.22856031
       5410.22751795
      19550.16596086
       4500.16089153
      18640.07265464
       3590.03274850
      17730.08717013
       2680.31227896
      16820.13934498
       1770.23781883
      15980.21764657
        930.33059485
      39500.13848850
      40410.07445806
      4132-0.0593971
      4223-0.0411976
      43140.13059390
      4398-0.0624899
      4482-0.0528204
      30050.02110239
      45100.06889434
      30890.02180033
      45940.04726271
      31800.09446710
      46850.24820897
      32710.24143710
      47760.19858897
      33620.16766903
      48670.26016552
      34530.27040694
      49580.18936462
      35440.19169630
      50490.20183404
      36350.23434853
      51400.21695520
      37260.23753106
      52310.33030124
      38100.36296426
      53150.37911999
        200.40885684
      24070.35701074
       9020.28242474
      23230.24717631
       8180.26166947
      22320.25191492
       7270.16589495
      21410.15652628
       6360.18624822
      20500.25141531
       5450.27207734
      19590.23409714
       4540.22168953
      18680.13132858
       3630.12991943
      17770.14204132
       2720.15190296
      16860.15840322
       1810.15242971
      16020.12869978
        970.20077568
      15740.00000000
      14900.00000000
      14060.00542036
      13150.00000000
      12240.00000000
      11330.13848850
      10420.07445806
      30090.21048254
      45140.08272060
      30930.10285352
      45980.09737566
      31840.05203720
      46890.27046654
      32750.28380075
      47800.27156041
      33660.23596489
      48710.23007650
      34570.34788977
      49620.30490674
      35480.21968080
      50530.22251304
      36390.35394756
      51440.41417930
      37300.30141805
      52350.23357393
      38140.17477592
      53190.16623403
        240.17952684
      24110.23031760
       9060.23034517
      23270.23933134
       8220.24592041
      22360.23862542
       7310.18586678
      21450.29495740
       6400.27607583
      20540.25309338
       5490.23938970
      19630.15701748
       4580.19041729
      18720.15137408
       3670.10323237
      17810.07233430
       2760.40582164
      16900.13937036
       1850.23791139
      16060.21048254
       1010.08272060
      39580.23049119
      40490.05173362
      41400.05212448
      42310.09235903
      43220.12329675
      44060.12480294
      44900.10856169
      30130.12833525
      45180.10667988
      30970.05141333
      46020.04888135
      31880.02330482
      46930.08285615
      32790.18912133
      47840.26384962
      33700.50847036
      48751.04972217
      34610.87355851
      49660.56290850
      35520.31573160
      50570.52626072
      36430.35787414
      51480.28283550
      37340.20887206
      52390.19839024
      38180.23211410
      53230.27111564
        280.13335508
      24150.14615548
       9100.15569900
      23310.19178587
       8260.23148207
      22400.21780133
       7350.15946011
      21490.23335604
       6440.27162626
      20580.20972287
       5530.16228363
      19670.17488260
       4620.18541915
      18760.11549761
       3710.14102995
      17850.22235135
       2800.19500423
      16940.15137290
       1890.09627941
      16100.13470705
       1050.17081563
      15820.41934233
      14980.38939153
      14140.14824678
      13230.18000829
      12320.21423802
      11410.23049119
      10500.05173362
